749
191 388
118 568
355 244
515
190 335
94 169
932 544
726 838
273 714
258
441
296
431
40 324
499
348
211
580 383
481 138
973 133
980 392
818 93
766
447 459
280 918
979 455
582 363
136
15 249
107
246 740
728
827
810 553
776
248 583
665 58
825 695
265
875
920 587
854
764
430
134 911
951
25
104 373
867
259 760
690
295 941
69 607
402 105
661 304
228
628 403
464 95
158 445
90
899
53 297
346
819
850
684 173
234 195
630 418
39
566 163
769 405
522 160
882 527
789 783
832 417
513 534
821
63
316
560
268
117 857
397
443 548
787
820
586 20
637 495
953 801
377
998
958 115
479
12 581
213
584
883 458
425
673 876
50
567
844
473
154
14
139
64 71
762 199
5
182 903
600 847
954
299
685 624
997
804
542 999
10 511
97 454
715 427
648
575
964
320
937 572
897 794
393
101 577
561
219
121
990 657
209
330 634
153 788
300
466 266
292
382 289
692
358
237 834
716 601
73
175 609
694
571 564
879 840
895
323
617 813
416
551
99 562
612 636
27 717
334
2 55
835 271
155 720
839
223 151
354
426 269
128 252
0 814
706
75
202
531
340
452 469
615 603
942
743
841 595
619 498
9
826
763 957
761
988 853
569
254
518 991
549
896
517 635
194
529 967
110
49 490
768
293
424 409
952 474
414 156
286
4
207 338
975
521 123
526
579 215
800 471
350 345
278
225
799
444 290
214 710
282
900
19
440
808 198
578 36
520
332
621
489
400
331 401
122
200 422
288 737
984 910
708
865
500
774 977
494 862
753 306
389
380
894 512
928 238
3
484 31
376 386
528 227
86 861
995 144
11
212
960 165
17
711 437
754
869
625 204
22
337 501
945 242
892 523
480
467
224 643
8 552
555
996 30
368 703
390 146
533
773 686
573 858
926
183 698
633 85
465 116
539
645
59 744
824 558
449 72
141
751 96
157 79
394 934
145
421
408 795
944
410 828
674 143
314
510 993
924
257 750
285 770
47 341
785
78
294
371 909
111
889
966
649
589 67
476 68
435
305
247
856 307
171 492
930 689
319
112
235
943 833
860
696 343
325
591
407 666
253 608
470 563
547 866
32 413
488
556
281
590 375
927 749
524 487
326
21
262 884
44 395
872 898
981 318
916 919
610
33
216
391
423
174
940 231
239
915 873
668 6
727
946 206
250 797
752 322
102 982
688
613
226 664
632 525
270 699
398 881
503 291
985 180
758 172
936
65 598
313
675 816
845
616
731 837
76 475
987
62
631 701
240
672
274
803
478 26
574
700 904
167
627
546
205
745
70
179
978
142
369
483
497
192
366 161
852
682
477
66 618
16
739
433
287
683 662
263 428
796 806
415 218
732
57 676
885 660
18 599
129 434
450
461 353
311
491
709 438
385 965
442
604
888
812
817 51
912 91
74
550
327 545
109
655
256 432
793 264
537 846
61 82
842
87
947 150
24
721 891
670 80
137 108
962
653 929
46 162
871 974
681 168
124 620
251
77
126 543
130 236
823
968 188
949 781
535 37
805 956
384 147
310 372
496 52
906
868 735
723
245
399 651
125
221 482
48
705 321
697 339
687
312
419 659
639
811
719
360
298
456
640
365 765
275
84 54
736
119 88
759 798
729
344 114
152 336
622 782
961 185
457
614
724
272
359 585
34
374
970
243 901
605
734
208
193
429
851
650
357
462
570
536
370
453
933
43
917
877
308
863
870
989
506
849
955
938
379
992
349
333
301
100
693
771
507
780
120
381
986
748
638
722
132
508
880
7
887
509
644
843
530
519
241
396
790
874
652
830
594
367
554
950
922
439
864
718
921
233
680
691
148
81
135
222
516
261
669
451
127
352
742
514
41
994
29
203
602
565
784
939
38
196
807
284
576
925
170
626
730
302
317
756
178
809
279
712
56
588
364
35
886
177
229
186
103
448
778
859
654
905
611
406
923
201
658
505
472
963
485
593
267
45
971
184
948
315
878
255
822
446
907
704
663
733
836
557
504
741
931
629
972
164
60
538
411
848
303
606
149
329
140
166
181
83
113
656
342
597
176
412
1
98
792
983
28
642
232
283
908
890
210
596
328
815
260
436
959
725
935
309
361
89
493
779
678
460
775
387
641
351
713
540
679
976
23
404
667
468
777
757
829
106
592
42
532
347
356
362
378
831
786
767
702
276
671
855
738
92
647
913
791
623
969
277
746
463
420
230
217
772
197
755
541
220
187
893
189
802
486
747
677
13
159
559
914
707
502
646